world: factions
x: 11.5
y: 62.0
z: 20.5
yaw: 0.15940586
pitch: -1.7522707
name: '&dShop'
lastowner: 3b5c7f35-2922-46b3-bafa-82f0f500643f
