spawns: 
  default: 
    world: factions
    x: -16.581165545145087
    y: 77.0
    z: 31.538751412904013
    yaw: 1.4614258
    pitch: -3.1499586
