hub:
  world: Lobby
  x: -18.5
  y: 8.0
  z: 171.5
  yaw: 0.30837563
  pitch: -2.5530107
