lastAccountName: ItsABigError
timestamps:
  login: 1562020979932
  lastteleport: 1562019099991
  logout: 1562021065754
ipAddress: 5.64.42.239
lastlocation:
  world: Lobby
  x: -18.05919509043564
  y: 9.0
  z: 160.18789086612185
  yaw: -190.00812
  pitch: 16.565998
afk: false
logoutlocation:
  world: KitPVP
  x: -155.61118556700157
  y: 109.5
  z: -91.60580907457398
  yaw: 229.8142
  pitch: 33.631405
nickname: §4§lLewis
