money: '0.0'
geolocation: United States
lastAccountName: Je2ter
timestamps:
  login: 1562616748822
  logout: 1562617145512
  lastteleport: 1562617122475
ipAddress: 23.117.114.43
lastlocation:
  world: Creative3
  x: -15.5
  y: 63.0
  z: 184.5
  yaw: -50.252895
  pitch: 32.69083
logoutlocation:
  world: Lobby
  x: -18.458859522465172
  y: 9.0
  z: 159.3642771796879
  yaw: 177.6308
  pitch: 11.108528
nickname: §4§lE§c§ll§6§le§e§lm§2§le§a§ln§b§lt§3§l_§3§l8§9§l§d§l6
