lastAccountName: ItzMu44aGamer
timestamps:
  login: 1562453766883
  logout: 1562455017659
  lastteleport: 1561917598919
ipAddress: 94.1.49.103
geolocation: United Kingdom
lastlocation:
  world: flatroom
  x: 43.079614991185224
  y: 14.0
  z: -333.17512298321304
  yaw: 286.76422
  pitch: 33.900124
nickname: Muzza
afk: false
logoutlocation:
  world: flatroom
  x: -78.36162534364709
  y: 57.39313499318975
  z: -240.2292089437505
  yaw: 14.550137
  pitch: 19.19999
