lastAccountName: HitBasic
timestamps:
  login: 1561912161987
  logout: 1561912197486
ipAddress: 99.227.37.137
lastlocation:
  world: world
  x: -176.0
  y: 68.0
  z: -16.0
  yaw: 0.0
  pitch: 0.0
geolocation: Canada
logoutlocation:
  world: Lobby
  x: -28.30000001192093
  y: 7.0
  z: 171.30994631927013
  yaw: -100.32677
  pitch: -58.014236
